预测重构数据为：[26760.22707406 26881.57159487 27009.19170379 27152.76300701
 27385.13138211 27653.77633888 27854.10329942 28004.18156278
 28071.6557712  28163.09321575 28326.14348479 28546.84397812
 28780.40499343 29005.40651509 29177.18928608 29299.17016643
 29397.03954872 29513.71318813 29634.25529895 29732.73905826
 29815.51016358 29883.23083749 29915.51510965 29904.81852554
 29856.55151155 29762.89383762 29641.13255224 29504.56002503
 29377.08563696 29364.21786202 29500.15472554 29791.46342701
 30200.80877595 30637.67598588 31051.50259805 31463.64530343
 31854.36738517 32218.41228266 32518.70201889 32713.45759217
 32717.05102602 32612.52708075 32534.76832031 32542.03661363
 32579.66713606 32649.28639858 32756.32777992 32907.68763198
 33045.7153715  33158.60122058 33222.46644135 33260.14698643
 33277.38008821 33270.60303023 33215.68197206 33112.75096442
 32979.23409507 32827.94235375 32688.22534878 32611.20185594
 32601.50119798 32633.5788978  32709.64094924 32803.62704782
 32907.30984177 33060.47987572 33277.42118574 33452.80396404
 33511.49537692 33527.61426244 33530.33548832 33555.86005361
 33621.91243525 33677.03928628 33651.61224957 33472.12721162
 33252.10999006 33019.88196516 32821.62429676 32636.92076925
 32434.96491689 32214.73028104 32008.61909351 31861.55164395
 31874.07131191 32087.4145672  32256.25676425 32147.01341783
 31806.74241083 31468.16437038 31250.55240933 31199.80634549
 31163.1460897  30954.2871703  30560.70445036 30152.29949225
 29891.15707225 29780.89208271 29760.26638493 29236.1852252
 28704.47068493 28286.44658747 28156.62600214 28320.20908389
 28643.74588242 28920.0881251  29200.2592972  29092.77702169
 29070.46074133 29212.81070462 29401.20799822 29571.09695893
 29711.91615489 29863.15971369 29969.48478927 29976.96663384
 29800.75241704 29275.93716962 28553.80443955 27829.44785578
 27417.19159171 27365.74112668 27592.75896012 27989.42794359
 28546.49453053 29378.18367534 30387.14574821 31615.76687126
 32630.49431424 33255.82424575 33481.81288554 33176.39308799
 32209.93469577 31129.71173862 30734.84041821 30773.78356564
 31278.99684798 31846.16305846 32200.12628854 32420.78852622
 32549.21705218 32656.93414051 32781.08101674 32927.01896723
 33055.46130554 33146.20669265 33172.10321309 33145.38829062
 33085.31905735 33022.04518775 32998.8259587  33022.90247473
 33013.22592934 32870.91101043 32542.62744057 32030.17119616
 31485.38939195 31052.30113841 30788.83089078 30653.67046045
 30626.20316934 30661.8196316  30712.80341197 30740.39647113
 30642.8970821  30388.90475795 30023.30846641 29666.84159312
 29472.58685401 29482.23352574 29640.01180157 29882.51011639
 30102.01532366 30295.87618062 30404.25887413 30461.09635076
 30502.33654899 30522.4941324  30488.33285911 30364.82225997
 30178.09482927 29960.98731349 29754.31669471 29531.82228274
 29301.27090567 29088.19422819 28968.27483492 28986.91824479
 28942.7275736  28872.68857222 28936.53549856 29151.4124862
 29403.12455499 29578.37088926 29579.10582998 29436.035871
 29224.63860856 29080.29744371 29095.80793146 29167.82275712
 29177.18344472 29098.08778191 29028.31972015 28991.6358422
 29029.06573954 29098.11814044 29164.82221875 29226.93830978
 29227.92331151 29208.93566584 29231.19379538 29345.86985725
 29619.45428524 29970.35668416 30266.40873969 30433.60454949
 30495.95474444 30492.86476078 30385.06206684 30154.69882649
 29819.8741745  29417.88550735 29117.39990958 29029.44872244
 29163.41429881 29420.48861345 29626.29237353 29768.34583473
 29924.14823273 30125.47579058 30392.22033245 30684.17597121
 30906.54793394 30995.69809663 30979.56709475 30880.46457052
 30707.02891663 30462.90400568 30166.96045525 29926.40820971
 29779.09454227 29796.39360133 29880.42362662 30128.28197493
 30612.97237176 31284.33050297 31889.92222326 32125.30564295
 31956.87315493 31452.44530816 30789.98293387 30282.61092308
 30136.99108123 30414.52179163 31031.82880518 31777.22842461
 32481.4345746  33163.0436343  33792.89475915 34224.93701479
 34345.08210867 34185.07102911 33859.28600237 33478.46282061
 33131.5685018  32923.15507408 32874.61090013 32972.11868793
 33100.21576462 33136.34928032 33036.66199243 32815.38369387
 32537.38763312 32269.72792898 32096.85921191 32018.36047917
 31936.06762163 31809.66540822 31715.56008689 31879.36713149
 32486.01486943 33285.64469557 34199.35239191 35038.65134228
 35523.63694348 35504.73125282 35200.47422541 34864.00099345
 34625.32205816 34482.9192697  34508.19156031 34707.79727336
 35022.8006452  35403.97257824 35805.38892579 36160.5022664
 36460.80795326 36634.16716195 36598.79509006 36336.75341933
 35904.33485683 35413.05494848 34941.63128394 34513.2349024
 34102.09221449 33699.4810398  33222.68924514 32701.76391944
 32126.57008881 31620.57718057 31300.19281375 31164.35199121
 31259.55427446 31464.88914725 31797.77677377 32155.0436206
 32488.44422517 32744.18622508 32821.93334929 32755.78794791]
